A = [1,1,1,0,0,0,0,0,0,0';
     0 0 0 1 1 1 0 0 0 0;
     0 0 0 0 0 0 1 1 1 1]
C = rand(3,3);
B = C*C'
D = A'*B*A